((("fill-column-indicator" .
   [0 0 0 0 0 0 0 1 0 0 0 0 0 0 0 0 0 0 0 0 0])
  ("require" .
   [0 0 0 0 0 0 1])
  ("in" .
   [1 0])
  ("global-ede-mode" .
   [0 0 0 0 0 0 0 0 0 0 1 0 0 0 0])
  ("==========" .
   [0 0 0 0 0 0 1 0 0 0])
  ("delete-trailing-whitespace" .
   [0 0 0 0 0 0 0 0 0 0 0 0 0 0 1 0 0 0 0 0 0 0 0 0 0 0])
  ("README.md" .
   [1 0 2 0 1 0 0 0 0])
  ("echo" .
   [3 0 0 0])
  ("alias" .
   [6 0 0 0 0])
  ("add-to-list" .
   [1 0 0 0 0 0 0 0 0 0 0])
  ("====" .
   [6 0 0 0])
  ("fci-mode" .
   [1 0 0 0 0 0 0 0])))
